300.00700000002
301.005
302.004
303.00199999998
304.00000000002
304.998
305.99599999998
306.99400000002
307.992
308.98999999998
309.98800000002
310.986
311.98399999998
312.98200000002
313.98
314.97799999998
315.97600000002
316.974
317.97199999998
318.97000000002
319.968
320.967
321.96499999998
322.96300000002
323.961
324.95899999998
325.95700000002
326.955
327.95299999998
328.95100000002
329.949
330.94699999998
331.94500000002
332.943
333.94099999998
334.93900000002
335.937
336.93499999998
337.93300000002
338.931
339.93
340.92799999998
341.92600000002
342.924
343.92199999998
344.92000000002
345.918
346.91599999998
347.91400000002
348.912
349.90999999998
350.90800000002
351.906
352.90399999998
353.90200000002
354.9
355.89799999998
356.89600000002
357.894
358.893
359.89099999998
360.88900000002
361.887
362.88499999998
363.88300000002
364.881
365.87899999998
366.87700000002
367.875
368.87299999998
369.87100000002
370.869
371.86699999998
372.86500000002
373.863
374.86099999998
375.85900000002
376.857
377.856
378.85399999998
379.85200000002
380.85
381.84799999998
382.84600000002
383.844
384.84199999998
385.84000000002
386.838
387.83599999998
388.83400000002
389.832
390.82999999998
391.82800000002
392.826
393.82399999998
394.82200000002
395.82
396.819
397.81699999998
398.81500000002
399.813
400.81099999998
401.80900000002
402.807
403.80499999998
404.80300000002
405.801
406.79899999998
407.79700000002
408.795
409.79299999998
410.79100000002
411.789
412.78699999998
413.78500000002
414.783
415.782
416.77999999998
417.77800000002
418.776
419.77399999998
420.77200000002
421.77
422.76799999998
423.76600000002
424.764
425.76199999998
426.76000000002
427.758
428.75599999998
429.75400000002
430.752
431.74999999998
432.74800000002
433.746
434.745
435.74299999998
436.74100000002
437.739
438.73699999998
439.73500000002
440.733
441.73099999998
442.72900000002
443.727
444.72499999998
445.72300000002
446.721
447.71899999998
448.71700000002
449.715
450.71299999998
451.71100000002
452.709
453.708
454.70599999998
455.70400000002
456.702
457.69999999998
458.69800000002
459.696
460.69399999998
461.69200000002
462.69
463.68799999998
464.68600000002
465.68500000002
466.683
467.68099999998
468.67900000002
469.677
470.67499999998
471.67300000002
472.671
473.66899999998
474.66700000002
475.665
476.66299999998
477.66100000002
478.659
479.65699999998
480.65500000002
481.653
482.65099999998
483.64900000002
484.64800000002
485.646
486.64399999998
487.64200000002
488.64
489.63799999998
490.63600000002
491.634
492.63199999998
493.63000000002
494.628
495.62599999998
496.62400000002
497.622
498.61999999998
499.61800000002
500.616
501.61399999998
502.61200000002
503.61100000002
504.609
505.60699999998
506.60500000002
507.603
508.60099999998
509.59900000002
510.597
511.59499999998
512.59303125
513.591
514.58899999998
515.58696874998
516.58503124998
517.58299999998
518.58100000002
519.57896875002
520.57703125002
521.57500000002
522.57396874998
523.57203124998
524.56999999998
525.56800000002
526.566
527.56399999998
528.56200000002
529.56
530.55799999998
531.55600000002
532.554
533.55199999998
534.55000000002
535.548
536.54599999998
537.54400000002
538.542
539.53999999998
540.53800000002
541.53700000002
542.535
543.53299999998
544.53100000002
545.529
546.52699999998
547.52500000002
548.523
549.52099999998
550.51900000002
551.517
552.51499999998
553.51300000002
554.511
555.50899999998
556.50700000002
557.505
558.50299999998
559.50100000002
560.50000000002
561.498
562.49599999998
563.49400000002
564.492
565.48999999998
566.48800000002
567.486
568.48399999998
569.48200000002
570.48
571.47799999998
572.47600000002
573.474
574.47199999998
575.47000000002
576.468
577.46599999998
578.46400000002
579.46300000002
580.461
581.45899999998
582.45700000002
583.455
584.45299999998
585.45100000002
586.449
587.44699999998
588.44500000002
589.443
590.44099999998
591.43900000002
592.437
593.43499999998
594.43300000002
595.431
596.42899999998
597.42700000002
598.42600000002
599.424
600.42199999998
601.42000000002
602.418
603.41599999998
604.41400000002
605.412
606.40999999998
607.40800000002
608.406
609.40399999998
610.40200000002
611.4
612.39799999998
613.39600000002
614.394
615.39199999998
616.39000000002
617.38900000002
618.387
619.38499999998
620.38300000002
621.381
622.37899999998
623.37700000002
624.375
625.37299999998
626.37100000002
627.369
628.36699999998
629.36500000002
630.363
631.36099999998
632.35900000002
633.357
634.35499999998
635.35300000002
636.35200000002
637.35
638.34799999998
639.34600000002
640.344
641.34199999998
642.34000000002
643.338
644.33599999998
645.33400000002
646.332
647.32999999998
648.32800000002
649.326
650.32399999998
651.32200000002
652.32
653.31799999998
654.31600000002
655.31500000002
656.313
657.31099999998
658.30900000002
659.307
660.30499999998
661.30300000002
662.301
663.29899999998
664.29700000002
665.295
666.29299999998
667.29100000002
668.289
669.28699999998
670.28500000002
671.283
672.28099999998
673.27999999998
674.27800000002
675.276
676.27399999998
677.27200000002
678.27
679.26799999998
680.26600000002
681.264
682.26199999998
683.26000000002
684.258
685.25599999998
686.25400000002
687.252
688.24999999998
689.24800000002
690.246
691.24399999998
692.24299999998
693.24100000002
694.239
695.23699999998
696.23500000002
697.233
698.23099999998
699.22900000002
700.227
701.22499999998
702.22300000002
703.221
704.21899999998
705.21700000002
706.215
707.21299999998
708.21100000002
709.209
710.20699999998
711.20599999998
712.20400000002
713.202
714.19999999998
715.19800000002
716.196
717.19399999998
718.19200000002
719.19
720.18799999998
721.18600000002
722.184
723.18199999998
724.18000000002
725.178
726.17599999998
727.17400000002
728.172
729.16999999998
730.16899999998
731.16700000002
732.165
733.16299999998
734.16100000002
735.159
736.15699999998
737.15500000002
738.153
739.15099999998
740.14900000002
741.147
742.14499999998
743.14300000002
744.141
745.13899999998
746.13700000002
747.135
748.13299999998
749.13199999998
750.13000000002
751.128
752.12599999998
753.12400000002
754.122
755.11999999998
756.11800000002
757.116
758.11399999998
759.11200000002
760.11
761.10799999998
762.10600000002
763.104
764.10199999998
765.10000000002
766.098
767.09599999998
768.09499999998
769.09300000002
770.091
771.08899999998
772.08700000002
773.085
774.08299999998
775.08100000002
776.079
777.07699999998
778.07500000002
779.073
780.07099999998
781.06900000002
782.067
783.06499999998
784.06300000002
785.061
786.05899999998
787.05799999998
788.05600000002
789.054
790.05199999998
791.05000000002
792.048
793.04599999998
794.04400000002
795.042
796.03999999998
797.03800000002
798.036
799.03399999998
800.03200000002
801.03
802.02799999998
803.02600000002
804.024
805.02199999998
806.02099999998
807.01900000002
808.017
809.01499999998
810.01300000002
811.011
812.00899999998
813.00700000002
814.005
815.00299999998
816.00100000002
816.999
817.99699999998
818.99500000002
819.993
820.99099999998
821.98900000002
822.987
823.98499999998
824.98399999998
825.98200000002
826.98
827.97799999998
828.97600000002
829.974
830.97199999998
831.97000000002
832.971
833.96899999998
834.96700000002
835.965
836.96299999998
837.96100000002
838.959
839.95699999998
840.95500000002
841.953
842.95099999998
843.94900000002
844.947
845.94499999998
846.94300000002
847.941
848.93899999998
849.93700000002
850.93600000002
851.934
852.93199999998
853.93000000002
854.928
855.92599999998
856.92400000002
857.922
858.91999999998
859.91800000002
860.916
861.91399999998
862.91200000002
863.91
864.90799999998
865.90600000002
866.904
867.90199999998
868.90000000002
869.89900000002
870.897
871.89499999998
872.89300000002
873.891
874.88899999998
875.88700000002
876.885
877.88299999998
878.88100000002
879.879
880.87699999998
881.87500000002
882.873
883.87099999998
884.86900000002
885.867
886.86499999998
887.86300000002
888.86200000002
889.86
890.85799999998
891.85600000002
892.854
893.85199999998
894.85000000002
895.848
896.84599999998
897.84400000002
898.842
899.83999999998
900.83800000002
901.836
902.83399999998
903.83200000002
904.83
905.82799999998
906.82600000002
907.82500000002
908.823
909.82099999998
910.81900000002
911.817
912.81499999998
913.81300000002
914.811
915.80899999998
916.80700000002
917.805
918.80299999998
919.80100000002
920.799
921.79699999998
922.79500000002
923.793
924.79099999998
925.78900000002
926.78800000002
927.786
928.78399999998
929.78200000002
930.78
931.77799999998
932.77600000002
933.774
934.77199999998
935.77000000002
936.768
937.76599999998
938.76400000002
939.762
940.75999999998
941.75800000002
942.756
943.75399999998
944.75200000002
945.75100000002
946.749
947.74699999998
948.74500000002
949.743
950.74099999998
951.73900000002
952.737
953.73499999998
954.73300000002
955.731
956.72899999998
957.72700000002
958.728
959.72599999998
